22803019 90 95 88 92 86
22803011 92 90 95 88 92
22506050 84 91 83 75 81
22506051 84 91 83 75 81

18DCE001 85 75 95 86 74
18DCE002 84 91 83 75 81
18DCE003 100 69 86 74 100
18DCE004 86 93 92 91 76
18DCE005 85 76 94 91 75

22903020 85 76 94 91 75
22903021 85 76 94 91 75

18DCS001 92 100 94 89 100
18DCS002 100 95 100 100 90
18DCS003 100 78 82 85 79
18DCS004 78 100 81 78 83
18DCS005 78 100 89 68 91

18DIT001 89 67 79 64 98
18DIT002 78 69 94 85 49
18DIT003 78 98 86 71 83 
18DIT004 78 79 100 73 81
18DIT005 75 65 69 84 92

22104034 88 89 98 88 90
22104036 98 89 86 90 92
22102163 88 89 98 88 90
22102184 85 76 94 91 75
22703020 85 96 84 91 75
22703021 85 96 84 75 91